2022/03/07-14:36:38.420217 7fdbc60a9c80 RocksDB version: 6.17.0
2022/03/07-14:36:38.420396 7fdbc60a9c80 Git sha 0
2022/03/07-14:36:38.420445 7fdbc60a9c80 DB SUMMARY
2022/03/07-14:36:38.420448 7fdbc60a9c80 DB Session ID:  DLQJRCHB9EI9A1U6CDBN
2022/03/07-14:36:38.420462 7fdbc60a9c80 SST files in /home/lennin/motoko_challenges/.dfx/state/replicated_state/node-100/ic_consensus_pool/consensus dir, Total Num: 0, files: 
2022/03/07-14:36:38.420464 7fdbc60a9c80 Write Ahead Log file in /home/lennin/motoko_challenges/.dfx/state/replicated_state/node-100/ic_consensus_pool/consensus: 
2022/03/07-14:36:38.420465 7fdbc60a9c80                         Options.error_if_exists: 0
2022/03/07-14:36:38.420467 7fdbc60a9c80                       Options.create_if_missing: 1
2022/03/07-14:36:38.420468 7fdbc60a9c80                         Options.paranoid_checks: 1
2022/03/07-14:36:38.420469 7fdbc60a9c80                               Options.track_and_verify_wals_in_manifest: 0
2022/03/07-14:36:38.420470 7fdbc60a9c80                                     Options.env: 0x55cb1732b2e0
2022/03/07-14:36:38.420471 7fdbc60a9c80                                      Options.fs: Posix File System
2022/03/07-14:36:38.420472 7fdbc60a9c80                                Options.info_log: 0x55cb4eec1160
2022/03/07-14:36:38.420473 7fdbc60a9c80                Options.max_file_opening_threads: 16
2022/03/07-14:36:38.420474 7fdbc60a9c80                              Options.statistics: (nil)
2022/03/07-14:36:38.420475 7fdbc60a9c80                               Options.use_fsync: 1
2022/03/07-14:36:38.420476 7fdbc60a9c80                       Options.max_log_file_size: 0
2022/03/07-14:36:38.420477 7fdbc60a9c80                  Options.max_manifest_file_size: 1073741824
2022/03/07-14:36:38.420478 7fdbc60a9c80                   Options.log_file_time_to_roll: 0
2022/03/07-14:36:38.420479 7fdbc60a9c80                       Options.keep_log_file_num: 1000
2022/03/07-14:36:38.420480 7fdbc60a9c80                    Options.recycle_log_file_num: 0
2022/03/07-14:36:38.420481 7fdbc60a9c80                         Options.allow_fallocate: 1
2022/03/07-14:36:38.420481 7fdbc60a9c80                        Options.allow_mmap_reads: 0
2022/03/07-14:36:38.420482 7fdbc60a9c80                       Options.allow_mmap_writes: 0
2022/03/07-14:36:38.420483 7fdbc60a9c80                        Options.use_direct_reads: 0
2022/03/07-14:36:38.420484 7fdbc60a9c80                        Options.use_direct_io_for_flush_and_compaction: 0
2022/03/07-14:36:38.420485 7fdbc60a9c80          Options.create_missing_column_families: 1
2022/03/07-14:36:38.420486 7fdbc60a9c80                              Options.db_log_dir: 
2022/03/07-14:36:38.420506 7fdbc60a9c80                                 Options.wal_dir: /home/lennin/motoko_challenges/.dfx/state/replicated_state/node-100/ic_consensus_pool/consensus
2022/03/07-14:36:38.420509 7fdbc60a9c80                Options.table_cache_numshardbits: 6
2022/03/07-14:36:38.420511 7fdbc60a9c80                         Options.WAL_ttl_seconds: 0
2022/03/07-14:36:38.420512 7fdbc60a9c80                       Options.WAL_size_limit_MB: 0
2022/03/07-14:36:38.420513 7fdbc60a9c80                        Options.max_write_batch_group_size_bytes: 1048576
2022/03/07-14:36:38.420514 7fdbc60a9c80             Options.manifest_preallocation_size: 4194304
2022/03/07-14:36:38.420515 7fdbc60a9c80                     Options.is_fd_close_on_exec: 1
2022/03/07-14:36:38.420516 7fdbc60a9c80                   Options.advise_random_on_open: 1
2022/03/07-14:36:38.420516 7fdbc60a9c80                    Options.db_write_buffer_size: 0
2022/03/07-14:36:38.420517 7fdbc60a9c80                    Options.write_buffer_manager: 0x55cb4eef2700
2022/03/07-14:36:38.420518 7fdbc60a9c80         Options.access_hint_on_compaction_start: 1
2022/03/07-14:36:38.420519 7fdbc60a9c80  Options.new_table_reader_for_compaction_inputs: 0
2022/03/07-14:36:38.420520 7fdbc60a9c80           Options.random_access_max_buffer_size: 1048576
2022/03/07-14:36:38.420521 7fdbc60a9c80                      Options.use_adaptive_mutex: 0
2022/03/07-14:36:38.420522 7fdbc60a9c80                            Options.rate_limiter: (nil)
2022/03/07-14:36:38.420560 7fdbc60a9c80     Options.sst_file_manager.rate_bytes_per_sec: 0
2022/03/07-14:36:38.420563 7fdbc60a9c80                       Options.wal_recovery_mode: 2
2022/03/07-14:36:38.420565 7fdbc60a9c80                  Options.enable_thread_tracking: 0
2022/03/07-14:36:38.420566 7fdbc60a9c80                  Options.enable_pipelined_write: 0
2022/03/07-14:36:38.420567 7fdbc60a9c80                  Options.unordered_write: 0
2022/03/07-14:36:38.420568 7fdbc60a9c80         Options.allow_concurrent_memtable_write: 1
2022/03/07-14:36:38.420569 7fdbc60a9c80      Options.enable_write_thread_adaptive_yield: 1
2022/03/07-14:36:38.420570 7fdbc60a9c80             Options.write_thread_max_yield_usec: 100
2022/03/07-14:36:38.420571 7fdbc60a9c80            Options.write_thread_slow_yield_usec: 3
2022/03/07-14:36:38.420572 7fdbc60a9c80                               Options.row_cache: None
2022/03/07-14:36:38.420573 7fdbc60a9c80                              Options.wal_filter: None
2022/03/07-14:36:38.420574 7fdbc60a9c80             Options.avoid_flush_during_recovery: 0
2022/03/07-14:36:38.420575 7fdbc60a9c80             Options.allow_ingest_behind: 0
2022/03/07-14:36:38.420576 7fdbc60a9c80             Options.preserve_deletes: 0
2022/03/07-14:36:38.420577 7fdbc60a9c80             Options.two_write_queues: 0
2022/03/07-14:36:38.420578 7fdbc60a9c80             Options.manual_wal_flush: 0
2022/03/07-14:36:38.420579 7fdbc60a9c80             Options.atomic_flush: 0
2022/03/07-14:36:38.420580 7fdbc60a9c80             Options.avoid_unnecessary_blocking_io: 0
2022/03/07-14:36:38.420581 7fdbc60a9c80                 Options.persist_stats_to_disk: 0
2022/03/07-14:36:38.420581 7fdbc60a9c80                 Options.write_dbid_to_manifest: 0
2022/03/07-14:36:38.420582 7fdbc60a9c80                 Options.log_readahead_size: 0
2022/03/07-14:36:38.420583 7fdbc60a9c80                 Options.file_checksum_gen_factory: Unknown
2022/03/07-14:36:38.420584 7fdbc60a9c80                 Options.best_efforts_recovery: 0
2022/03/07-14:36:38.420585 7fdbc60a9c80                Options.max_bgerror_resume_count: 2147483647
2022/03/07-14:36:38.420586 7fdbc60a9c80            Options.bgerror_resume_retry_interval: 1000000
2022/03/07-14:36:38.420587 7fdbc60a9c80             Options.allow_data_in_errors: 0
2022/03/07-14:36:38.420588 7fdbc60a9c80             Options.db_host_id: __hostname__
2022/03/07-14:36:38.420589 7fdbc60a9c80             Options.max_background_jobs: 2
2022/03/07-14:36:38.420590 7fdbc60a9c80             Options.max_background_compactions: -1
2022/03/07-14:36:38.420591 7fdbc60a9c80             Options.max_subcompactions: 1
2022/03/07-14:36:38.420592 7fdbc60a9c80             Options.avoid_flush_during_shutdown: 0
2022/03/07-14:36:38.420593 7fdbc60a9c80           Options.writable_file_max_buffer_size: 1048576
2022/03/07-14:36:38.420594 7fdbc60a9c80             Options.delayed_write_rate : 16777216
2022/03/07-14:36:38.420594 7fdbc60a9c80             Options.max_total_wal_size: 0
2022/03/07-14:36:38.420595 7fdbc60a9c80             Options.delete_obsolete_files_period_micros: 21600000000
2022/03/07-14:36:38.420596 7fdbc60a9c80                   Options.stats_dump_period_sec: 600
2022/03/07-14:36:38.420597 7fdbc60a9c80                 Options.stats_persist_period_sec: 600
2022/03/07-14:36:38.420598 7fdbc60a9c80                 Options.stats_history_buffer_size: 1048576
2022/03/07-14:36:38.420599 7fdbc60a9c80                          Options.max_open_files: -1
2022/03/07-14:36:38.420600 7fdbc60a9c80                          Options.bytes_per_sync: 0
2022/03/07-14:36:38.420601 7fdbc60a9c80                      Options.wal_bytes_per_sync: 0
2022/03/07-14:36:38.420602 7fdbc60a9c80                   Options.strict_bytes_per_sync: 0
2022/03/07-14:36:38.420603 7fdbc60a9c80       Options.compaction_readahead_size: 0
2022/03/07-14:36:38.420604 7fdbc60a9c80                  Options.max_background_flushes: -1
2022/03/07-14:36:38.420605 7fdbc60a9c80 Compression algorithms supported:
2022/03/07-14:36:38.420606 7fdbc60a9c80 	kZSTDNotFinalCompression supported: 1
2022/03/07-14:36:38.420643 7fdbc60a9c80 	kZSTD supported: 1
2022/03/07-14:36:38.420648 7fdbc60a9c80 	kXpressCompression supported: 0
2022/03/07-14:36:38.420649 7fdbc60a9c80 	kLZ4HCCompression supported: 1
2022/03/07-14:36:38.420650 7fdbc60a9c80 	kLZ4Compression supported: 1
2022/03/07-14:36:38.420652 7fdbc60a9c80 	kBZip2Compression supported: 1
2022/03/07-14:36:38.420653 7fdbc60a9c80 	kZlibCompression supported: 1
2022/03/07-14:36:38.420654 7fdbc60a9c80 	kSnappyCompression supported: 1
2022/03/07-14:36:38.420658 7fdbc60a9c80 Fast CRC32 supported: Supported on x86
2022/03/07-14:36:38.424822 7fdbc60a9c80 [db/db_impl/db_impl_open.cc:283] Creating manifest 1 
2022/03/07-14:36:38.436791 7fdbc60a9c80 [db/version_set.cc:4758] Recovering from manifest file: /home/lennin/motoko_challenges/.dfx/state/replicated_state/node-100/ic_consensus_pool/consensus/MANIFEST-000001
2022/03/07-14:36:38.437018 7fdbc60a9c80 [db/column_family.cc:595] --------------- Options for column family [default]:
2022/03/07-14:36:38.437024 7fdbc60a9c80               Options.comparator: leveldb.BytewiseComparator
2022/03/07-14:36:38.437026 7fdbc60a9c80           Options.merge_operator: None
2022/03/07-14:36:38.437028 7fdbc60a9c80        Options.compaction_filter: None
2022/03/07-14:36:38.437029 7fdbc60a9c80        Options.compaction_filter_factory: None
2022/03/07-14:36:38.437030 7fdbc60a9c80  Options.sst_partitioner_factory: None
2022/03/07-14:36:38.437032 7fdbc60a9c80         Options.memtable_factory: SkipListFactory
2022/03/07-14:36:38.437033 7fdbc60a9c80            Options.table_factory: BlockBasedTable
2022/03/07-14:36:38.437097 7fdbc60a9c80            table_factory options:   flush_block_policy_factory: FlushBlockBySizePolicyFactory (0x55cb4eeee490)
  cache_index_and_filter_blocks: 0
  cache_index_and_filter_blocks_with_high_priority: 1
  pin_l0_filter_and_index_blocks_in_cache: 0
  pin_top_level_index_and_filter: 1
  index_type: 0
  data_block_index_type: 0
  index_shortening: 1
  data_block_hash_table_util_ratio: 0.750000
  hash_index_allow_collision: 1
  checksum: 1
  no_block_cache: 0
  block_cache: 0x55cb4eeee4e0
  block_cache_name: LRUCache
  block_cache_options:
    capacity : 8388608
    num_shard_bits : 4
    strict_capacity_limit : 0
    memory_allocator : None
    high_pri_pool_ratio: 0.000
  block_cache_compressed: (nil)
  persistent_cache: (nil)
  block_size: 4096
  block_size_deviation: 10
  block_restart_interval: 16
  index_block_restart_interval: 1
  metadata_block_size: 4096
  partition_filters: 0
  use_delta_encoding: 1
  filter_policy: nullptr
  whole_key_filtering: 1
  verify_compression: 0
  read_amp_bytes_per_bit: 0
  format_version: 4
  enable_index_compression: 1
  block_align: 0
2022/03/07-14:36:38.437111 7fdbc60a9c80        Options.write_buffer_size: 67108864
2022/03/07-14:36:38.437113 7fdbc60a9c80  Options.max_write_buffer_number: 2
2022/03/07-14:36:38.437114 7fdbc60a9c80          Options.compression: Snappy
2022/03/07-14:36:38.437115 7fdbc60a9c80                  Options.bottommost_compression: Disabled
2022/03/07-14:36:38.437117 7fdbc60a9c80       Options.prefix_extractor: nullptr
2022/03/07-14:36:38.437118 7fdbc60a9c80   Options.memtable_insert_with_hint_prefix_extractor: nullptr
2022/03/07-14:36:38.437119 7fdbc60a9c80             Options.num_levels: 7
2022/03/07-14:36:38.437121 7fdbc60a9c80        Options.min_write_buffer_number_to_merge: 1
2022/03/07-14:36:38.437122 7fdbc60a9c80     Options.max_write_buffer_number_to_maintain: 0
2022/03/07-14:36:38.437123 7fdbc60a9c80     Options.max_write_buffer_size_to_maintain: 0
2022/03/07-14:36:38.437124 7fdbc60a9c80            Options.bottommost_compression_opts.window_bits: -14
2022/03/07-14:36:38.437125 7fdbc60a9c80                  Options.bottommost_compression_opts.level: 32767
2022/03/07-14:36:38.437127 7fdbc60a9c80               Options.bottommost_compression_opts.strategy: 0
2022/03/07-14:36:38.437128 7fdbc60a9c80         Options.bottommost_compression_opts.max_dict_bytes: 0
2022/03/07-14:36:38.437129 7fdbc60a9c80         Options.bottommost_compression_opts.zstd_max_train_bytes: 0
2022/03/07-14:36:38.437224 7fdbc60a9c80         Options.bottommost_compression_opts.parallel_threads: 1
2022/03/07-14:36:38.437231 7fdbc60a9c80                  Options.bottommost_compression_opts.enabled: false
2022/03/07-14:36:38.437232 7fdbc60a9c80            Options.compression_opts.window_bits: -14
2022/03/07-14:36:38.437234 7fdbc60a9c80                  Options.compression_opts.level: 32767
2022/03/07-14:36:38.437235 7fdbc60a9c80               Options.compression_opts.strategy: 0
2022/03/07-14:36:38.437236 7fdbc60a9c80         Options.compression_opts.max_dict_bytes: 0
2022/03/07-14:36:38.437238 7fdbc60a9c80         Options.compression_opts.zstd_max_train_bytes: 0
2022/03/07-14:36:38.437239 7fdbc60a9c80         Options.compression_opts.parallel_threads: 1
2022/03/07-14:36:38.437240 7fdbc60a9c80                  Options.compression_opts.enabled: false
2022/03/07-14:36:38.437241 7fdbc60a9c80      Options.level0_file_num_compaction_trigger: 4
2022/03/07-14:36:38.437242 7fdbc60a9c80          Options.level0_slowdown_writes_trigger: 20
2022/03/07-14:36:38.437243 7fdbc60a9c80              Options.level0_stop_writes_trigger: 36
2022/03/07-14:36:38.437245 7fdbc60a9c80                   Options.target_file_size_base: 67108864
2022/03/07-14:36:38.437246 7fdbc60a9c80             Options.target_file_size_multiplier: 1
2022/03/07-14:36:38.437247 7fdbc60a9c80                Options.max_bytes_for_level_base: 268435456
2022/03/07-14:36:38.437248 7fdbc60a9c80 Options.level_compaction_dynamic_level_bytes: 0
2022/03/07-14:36:38.437249 7fdbc60a9c80          Options.max_bytes_for_level_multiplier: 10.000000
2022/03/07-14:36:38.437254 7fdbc60a9c80 Options.max_bytes_for_level_multiplier_addtl[0]: 1
2022/03/07-14:36:38.437255 7fdbc60a9c80 Options.max_bytes_for_level_multiplier_addtl[1]: 1
2022/03/07-14:36:38.437256 7fdbc60a9c80 Options.max_bytes_for_level_multiplier_addtl[2]: 1
2022/03/07-14:36:38.437257 7fdbc60a9c80 Options.max_bytes_for_level_multiplier_addtl[3]: 1
2022/03/07-14:36:38.437259 7fdbc60a9c80 Options.max_bytes_for_level_multiplier_addtl[4]: 1
2022/03/07-14:36:38.437260 7fdbc60a9c80 Options.max_bytes_for_level_multiplier_addtl[5]: 1
2022/03/07-14:36:38.437261 7fdbc60a9c80 Options.max_bytes_for_level_multiplier_addtl[6]: 1
2022/03/07-14:36:38.437262 7fdbc60a9c80       Options.max_sequential_skip_in_iterations: 8
2022/03/07-14:36:38.437263 7fdbc60a9c80                    Options.max_compaction_bytes: 1677721600
2022/03/07-14:36:38.437264 7fdbc60a9c80                        Options.arena_block_size: 8388608
2022/03/07-14:36:38.437265 7fdbc60a9c80   Options.soft_pending_compaction_bytes_limit: 68719476736
2022/03/07-14:36:38.437267 7fdbc60a9c80   Options.hard_pending_compaction_bytes_limit: 274877906944
2022/03/07-14:36:38.437268 7fdbc60a9c80       Options.rate_limit_delay_max_milliseconds: 100
2022/03/07-14:36:38.437269 7fdbc60a9c80                Options.disable_auto_compactions: 0
2022/03/07-14:36:38.437274 7fdbc60a9c80                        Options.compaction_style: kCompactionStyleLevel
2022/03/07-14:36:38.437276 7fdbc60a9c80                          Options.compaction_pri: kMinOverlappingRatio
2022/03/07-14:36:38.437277 7fdbc60a9c80 Options.compaction_options_universal.size_ratio: 1
2022/03/07-14:36:38.437278 7fdbc60a9c80 Options.compaction_options_universal.min_merge_width: 2
2022/03/07-14:36:38.437279 7fdbc60a9c80 Options.compaction_options_universal.max_merge_width: 4294967295
2022/03/07-14:36:38.437281 7fdbc60a9c80 Options.compaction_options_universal.max_size_amplification_percent: 200
2022/03/07-14:36:38.437282 7fdbc60a9c80 Options.compaction_options_universal.compression_size_percent: -1
2022/03/07-14:36:38.437283 7fdbc60a9c80 Options.compaction_options_universal.stop_style: kCompactionStopStyleTotalSize
2022/03/07-14:36:38.437285 7fdbc60a9c80 Options.compaction_options_fifo.max_table_files_size: 1073741824
2022/03/07-14:36:38.437286 7fdbc60a9c80 Options.compaction_options_fifo.allow_compaction: 0
2022/03/07-14:36:38.437296 7fdbc60a9c80                   Options.table_properties_collectors: 
2022/03/07-14:36:38.437320 7fdbc60a9c80                   Options.inplace_update_support: 0
2022/03/07-14:36:38.437322 7fdbc60a9c80                 Options.inplace_update_num_locks: 10000
2022/03/07-14:36:38.437324 7fdbc60a9c80               Options.memtable_prefix_bloom_size_ratio: 0.000000
2022/03/07-14:36:38.437327 7fdbc60a9c80               Options.memtable_whole_key_filtering: 0
2022/03/07-14:36:38.437328 7fdbc60a9c80   Options.memtable_huge_page_size: 0
2022/03/07-14:36:38.437329 7fdbc60a9c80                           Options.bloom_locality: 0
2022/03/07-14:36:38.437331 7fdbc60a9c80                    Options.max_successive_merges: 0
2022/03/07-14:36:38.437332 7fdbc60a9c80                Options.optimize_filters_for_hits: 0
2022/03/07-14:36:38.437333 7fdbc60a9c80                Options.paranoid_file_checks: 0
2022/03/07-14:36:38.437334 7fdbc60a9c80                Options.force_consistency_checks: 1
2022/03/07-14:36:38.437335 7fdbc60a9c80                Options.report_bg_io_stats: 0
2022/03/07-14:36:38.437336 7fdbc60a9c80                               Options.ttl: 2592000
2022/03/07-14:36:38.437338 7fdbc60a9c80          Options.periodic_compaction_seconds: 0
2022/03/07-14:36:38.437339 7fdbc60a9c80                    Options.enable_blob_files: false
2022/03/07-14:36:38.437340 7fdbc60a9c80                        Options.min_blob_size: 0
2022/03/07-14:36:38.437341 7fdbc60a9c80                       Options.blob_file_size: 268435456
2022/03/07-14:36:38.437342 7fdbc60a9c80                Options.blob_compression_type: NoCompression
2022/03/07-14:36:38.437343 7fdbc60a9c80       Options.enable_blob_garbage_collection: false
2022/03/07-14:36:38.437345 7fdbc60a9c80   Options.blob_garbage_collection_age_cutoff: 0.250000
2022/03/07-14:36:38.441726 7fdbc60a9c80 [db/version_set.cc:4798] Recovered from manifest file:/home/lennin/motoko_challenges/.dfx/state/replicated_state/node-100/ic_consensus_pool/consensus/MANIFEST-000001 succeeded,manifest_file_number is 1, next_file_number is 3, last_sequence is 0, log_number is 0,prev_log_number is 0,max_column_family is 0,min_log_number_to_keep is 0
2022/03/07-14:36:38.441737 7fdbc60a9c80 [db/version_set.cc:4813] Column family [default] (ID 0), log number is 0
2022/03/07-14:36:38.441828 7fdbc60a9c80 [db/version_set.cc:4112] Creating manifest 3
2022/03/07-14:36:38.460101 7fdbc60a9c80 [db/column_family.cc:595] --------------- Options for column family [RB]:
2022/03/07-14:36:38.460121 7fdbc60a9c80               Options.comparator: leveldb.BytewiseComparator
2022/03/07-14:36:38.460124 7fdbc60a9c80           Options.merge_operator: None
2022/03/07-14:36:38.460127 7fdbc60a9c80        Options.compaction_filter: filter_outdated
2022/03/07-14:36:38.460129 7fdbc60a9c80        Options.compaction_filter_factory: None
2022/03/07-14:36:38.460131 7fdbc60a9c80  Options.sst_partitioner_factory: None
2022/03/07-14:36:38.460132 7fdbc60a9c80         Options.memtable_factory: SkipListFactory
2022/03/07-14:36:38.460134 7fdbc60a9c80            Options.table_factory: BlockBasedTable
2022/03/07-14:36:38.460174 7fdbc60a9c80            table_factory options:   flush_block_policy_factory: FlushBlockBySizePolicyFactory (0x55cb4eed45f0)
  cache_index_and_filter_blocks: 0
  cache_index_and_filter_blocks_with_high_priority: 1
  pin_l0_filter_and_index_blocks_in_cache: 0
  pin_top_level_index_and_filter: 1
  index_type: 0
  data_block_index_type: 0
  index_shortening: 1
  data_block_hash_table_util_ratio: 0.750000
  hash_index_allow_collision: 1
  checksum: 1
  no_block_cache: 0
  block_cache: 0x55cb4eed4640
  block_cache_name: LRUCache
  block_cache_options:
    capacity : 8388608
    num_shard_bits : 4
    strict_capacity_limit : 0
    memory_allocator : None
    high_pri_pool_ratio: 0.000
  block_cache_compressed: (nil)
  persistent_cache: (nil)
  block_size: 4096
  block_size_deviation: 10
  block_restart_interval: 16
  index_block_restart_interval: 1
  metadata_block_size: 4096
  partition_filters: 0
  use_delta_encoding: 1
  filter_policy: nullptr
  whole_key_filtering: 1
  verify_compression: 0
  read_amp_bytes_per_bit: 0
  format_version: 4
  enable_index_compression: 1
  block_align: 0
2022/03/07-14:36:38.460177 7fdbc60a9c80        Options.write_buffer_size: 67108864
2022/03/07-14:36:38.460178 7fdbc60a9c80  Options.max_write_buffer_number: 2
2022/03/07-14:36:38.460180 7fdbc60a9c80          Options.compression: NoCompression
2022/03/07-14:36:38.460182 7fdbc60a9c80                  Options.bottommost_compression: Disabled
2022/03/07-14:36:38.460183 7fdbc60a9c80       Options.prefix_extractor: nullptr
2022/03/07-14:36:38.460185 7fdbc60a9c80   Options.memtable_insert_with_hint_prefix_extractor: nullptr
2022/03/07-14:36:38.460186 7fdbc60a9c80             Options.num_levels: 7
2022/03/07-14:36:38.460187 7fdbc60a9c80        Options.min_write_buffer_number_to_merge: 1
2022/03/07-14:36:38.460189 7fdbc60a9c80     Options.max_write_buffer_number_to_maintain: 0
2022/03/07-14:36:38.460190 7fdbc60a9c80     Options.max_write_buffer_size_to_maintain: 0
2022/03/07-14:36:38.460192 7fdbc60a9c80            Options.bottommost_compression_opts.window_bits: -14
2022/03/07-14:36:38.460193 7fdbc60a9c80                  Options.bottommost_compression_opts.level: 32767
2022/03/07-14:36:38.460195 7fdbc60a9c80               Options.bottommost_compression_opts.strategy: 0
2022/03/07-14:36:38.460196 7fdbc60a9c80         Options.bottommost_compression_opts.max_dict_bytes: 0
2022/03/07-14:36:38.460198 7fdbc60a9c80         Options.bottommost_compression_opts.zstd_max_train_bytes: 0
2022/03/07-14:36:38.460199 7fdbc60a9c80         Options.bottommost_compression_opts.parallel_threads: 1
2022/03/07-14:36:38.460201 7fdbc60a9c80                  Options.bottommost_compression_opts.enabled: false
2022/03/07-14:36:38.460202 7fdbc60a9c80            Options.compression_opts.window_bits: -14
2022/03/07-14:36:38.460204 7fdbc60a9c80                  Options.compression_opts.level: 32767
2022/03/07-14:36:38.460205 7fdbc60a9c80               Options.compression_opts.strategy: 0
2022/03/07-14:36:38.460207 7fdbc60a9c80         Options.compression_opts.max_dict_bytes: 0
2022/03/07-14:36:38.460208 7fdbc60a9c80         Options.compression_opts.zstd_max_train_bytes: 0
2022/03/07-14:36:38.460209 7fdbc60a9c80         Options.compression_opts.parallel_threads: 1
2022/03/07-14:36:38.460211 7fdbc60a9c80                  Options.compression_opts.enabled: false
2022/03/07-14:36:38.460300 7fdbc60a9c80      Options.level0_file_num_compaction_trigger: 4
2022/03/07-14:36:38.460307 7fdbc60a9c80          Options.level0_slowdown_writes_trigger: 20
2022/03/07-14:36:38.460310 7fdbc60a9c80              Options.level0_stop_writes_trigger: 36
2022/03/07-14:36:38.460312 7fdbc60a9c80                   Options.target_file_size_base: 67108864
2022/03/07-14:36:38.460315 7fdbc60a9c80             Options.target_file_size_multiplier: 1
2022/03/07-14:36:38.460317 7fdbc60a9c80                Options.max_bytes_for_level_base: 268435456
2022/03/07-14:36:38.460320 7fdbc60a9c80 Options.level_compaction_dynamic_level_bytes: 0
2022/03/07-14:36:38.460322 7fdbc60a9c80          Options.max_bytes_for_level_multiplier: 10.000000
2022/03/07-14:36:38.460328 7fdbc60a9c80 Options.max_bytes_for_level_multiplier_addtl[0]: 1
2022/03/07-14:36:38.460331 7fdbc60a9c80 Options.max_bytes_for_level_multiplier_addtl[1]: 1
2022/03/07-14:36:38.460333 7fdbc60a9c80 Options.max_bytes_for_level_multiplier_addtl[2]: 1
2022/03/07-14:36:38.460336 7fdbc60a9c80 Options.max_bytes_for_level_multiplier_addtl[3]: 1
2022/03/07-14:36:38.460338 7fdbc60a9c80 Options.max_bytes_for_level_multiplier_addtl[4]: 1
2022/03/07-14:36:38.460340 7fdbc60a9c80 Options.max_bytes_for_level_multiplier_addtl[5]: 1
2022/03/07-14:36:38.460343 7fdbc60a9c80 Options.max_bytes_for_level_multiplier_addtl[6]: 1
2022/03/07-14:36:38.460345 7fdbc60a9c80       Options.max_sequential_skip_in_iterations: 8
2022/03/07-14:36:38.460347 7fdbc60a9c80                    Options.max_compaction_bytes: 1677721600
2022/03/07-14:36:38.460349 7fdbc60a9c80                        Options.arena_block_size: 8388608
2022/03/07-14:36:38.460352 7fdbc60a9c80   Options.soft_pending_compaction_bytes_limit: 68719476736
2022/03/07-14:36:38.460354 7fdbc60a9c80   Options.hard_pending_compaction_bytes_limit: 274877906944
2022/03/07-14:36:38.460357 7fdbc60a9c80       Options.rate_limit_delay_max_milliseconds: 100
2022/03/07-14:36:38.460360 7fdbc60a9c80                Options.disable_auto_compactions: 1
2022/03/07-14:36:38.460365 7fdbc60a9c80                        Options.compaction_style: kCompactionStyleLevel
2022/03/07-14:36:38.460370 7fdbc60a9c80                          Options.compaction_pri: kMinOverlappingRatio
2022/03/07-14:36:38.460372 7fdbc60a9c80 Options.compaction_options_universal.size_ratio: 1
2022/03/07-14:36:38.460374 7fdbc60a9c80 Options.compaction_options_universal.min_merge_width: 2
2022/03/07-14:36:38.460376 7fdbc60a9c80 Options.compaction_options_universal.max_merge_width: 4294967295
2022/03/07-14:36:38.460378 7fdbc60a9c80 Options.compaction_options_universal.max_size_amplification_percent: 200
2022/03/07-14:36:38.460380 7fdbc60a9c80 Options.compaction_options_universal.compression_size_percent: -1
2022/03/07-14:36:38.460382 7fdbc60a9c80 Options.compaction_options_universal.stop_style: kCompactionStopStyleTotalSize
2022/03/07-14:36:38.460384 7fdbc60a9c80 Options.compaction_options_fifo.max_table_files_size: 1073741824
2022/03/07-14:36:38.460387 7fdbc60a9c80 Options.compaction_options_fifo.allow_compaction: 0
2022/03/07-14:36:38.460399 7fdbc60a9c80                   Options.table_properties_collectors: 
2022/03/07-14:36:38.460402 7fdbc60a9c80                   Options.inplace_update_support: 0
2022/03/07-14:36:38.460404 7fdbc60a9c80                 Options.inplace_update_num_locks: 10000
2022/03/07-14:36:38.460406 7fdbc60a9c80               Options.memtable_prefix_bloom_size_ratio: 0.000000
2022/03/07-14:36:38.460410 7fdbc60a9c80               Options.memtable_whole_key_filtering: 0
2022/03/07-14:36:38.460412 7fdbc60a9c80   Options.memtable_huge_page_size: 0
2022/03/07-14:36:38.460414 7fdbc60a9c80                           Options.bloom_locality: 0
2022/03/07-14:36:38.460416 7fdbc60a9c80                    Options.max_successive_merges: 0
2022/03/07-14:36:38.460418 7fdbc60a9c80                Options.optimize_filters_for_hits: 0
2022/03/07-14:36:38.460420 7fdbc60a9c80                Options.paranoid_file_checks: 0
2022/03/07-14:36:38.460422 7fdbc60a9c80                Options.force_consistency_checks: 1
2022/03/07-14:36:38.460449 7fdbc60a9c80                Options.report_bg_io_stats: 0
2022/03/07-14:36:38.460453 7fdbc60a9c80                               Options.ttl: 2592000
2022/03/07-14:36:38.460455 7fdbc60a9c80          Options.periodic_compaction_seconds: 2592000
2022/03/07-14:36:38.460457 7fdbc60a9c80                    Options.enable_blob_files: false
2022/03/07-14:36:38.460460 7fdbc60a9c80                        Options.min_blob_size: 0
2022/03/07-14:36:38.460462 7fdbc60a9c80                       Options.blob_file_size: 268435456
2022/03/07-14:36:38.460464 7fdbc60a9c80                Options.blob_compression_type: NoCompression
2022/03/07-14:36:38.460467 7fdbc60a9c80       Options.enable_blob_garbage_collection: false
2022/03/07-14:36:38.460469 7fdbc60a9c80   Options.blob_garbage_collection_age_cutoff: 0.250000
2022/03/07-14:36:38.460575 7fdbc60a9c80 [db/db_impl/db_impl.cc:2654] Created column family [RB] (ID 1)
2022/03/07-14:36:38.471675 7fdbc60a9c80 [db/column_family.cc:595] --------------- Options for column family [FZ]:
2022/03/07-14:36:38.471688 7fdbc60a9c80               Options.comparator: leveldb.BytewiseComparator
2022/03/07-14:36:38.471691 7fdbc60a9c80           Options.merge_operator: None
2022/03/07-14:36:38.471695 7fdbc60a9c80        Options.compaction_filter: filter_outdated
2022/03/07-14:36:38.471697 7fdbc60a9c80        Options.compaction_filter_factory: None
2022/03/07-14:36:38.471698 7fdbc60a9c80  Options.sst_partitioner_factory: None
2022/03/07-14:36:38.471700 7fdbc60a9c80         Options.memtable_factory: SkipListFactory
2022/03/07-14:36:38.471701 7fdbc60a9c80            Options.table_factory: BlockBasedTable
2022/03/07-14:36:38.471754 7fdbc60a9c80            table_factory options:   flush_block_policy_factory: FlushBlockBySizePolicyFactory (0x55cb4eed68a0)
  cache_index_and_filter_blocks: 0
  cache_index_and_filter_blocks_with_high_priority: 1
  pin_l0_filter_and_index_blocks_in_cache: 0
  pin_top_level_index_and_filter: 1
  index_type: 0
  data_block_index_type: 0
  index_shortening: 1
  data_block_hash_table_util_ratio: 0.750000
  hash_index_allow_collision: 1
  checksum: 1
  no_block_cache: 0
  block_cache: 0x55cb4eed68f0
  block_cache_name: LRUCache
  block_cache_options:
    capacity : 8388608
    num_shard_bits : 4
    strict_capacity_limit : 0
    memory_allocator : None
    high_pri_pool_ratio: 0.000
  block_cache_compressed: (nil)
  persistent_cache: (nil)
  block_size: 4096
  block_size_deviation: 10
  block_restart_interval: 16
  index_block_restart_interval: 1
  metadata_block_size: 4096
  partition_filters: 0
  use_delta_encoding: 1
  filter_policy: nullptr
  whole_key_filtering: 1
  verify_compression: 0
  read_amp_bytes_per_bit: 0
  format_version: 4
  enable_index_compression: 1
  block_align: 0
2022/03/07-14:36:38.471757 7fdbc60a9c80        Options.write_buffer_size: 67108864
2022/03/07-14:36:38.471759 7fdbc60a9c80  Options.max_write_buffer_number: 2
2022/03/07-14:36:38.471761 7fdbc60a9c80          Options.compression: NoCompression
2022/03/07-14:36:38.471762 7fdbc60a9c80                  Options.bottommost_compression: Disabled
2022/03/07-14:36:38.471764 7fdbc60a9c80       Options.prefix_extractor: nullptr
2022/03/07-14:36:38.471765 7fdbc60a9c80   Options.memtable_insert_with_hint_prefix_extractor: nullptr
2022/03/07-14:36:38.471767 7fdbc60a9c80             Options.num_levels: 7
2022/03/07-14:36:38.471768 7fdbc60a9c80        Options.min_write_buffer_number_to_merge: 1
2022/03/07-14:36:38.471770 7fdbc60a9c80     Options.max_write_buffer_number_to_maintain: 0
2022/03/07-14:36:38.471771 7fdbc60a9c80     Options.max_write_buffer_size_to_maintain: 0
2022/03/07-14:36:38.471772 7fdbc60a9c80            Options.bottommost_compression_opts.window_bits: -14
2022/03/07-14:36:38.471774 7fdbc60a9c80                  Options.bottommost_compression_opts.level: 32767
2022/03/07-14:36:38.471775 7fdbc60a9c80               Options.bottommost_compression_opts.strategy: 0
2022/03/07-14:36:38.471777 7fdbc60a9c80         Options.bottommost_compression_opts.max_dict_bytes: 0
2022/03/07-14:36:38.471778 7fdbc60a9c80         Options.bottommost_compression_opts.zstd_max_train_bytes: 0
2022/03/07-14:36:38.471780 7fdbc60a9c80         Options.bottommost_compression_opts.parallel_threads: 1
2022/03/07-14:36:38.471781 7fdbc60a9c80                  Options.bottommost_compression_opts.enabled: false
2022/03/07-14:36:38.471783 7fdbc60a9c80            Options.compression_opts.window_bits: -14
2022/03/07-14:36:38.471784 7fdbc60a9c80                  Options.compression_opts.level: 32767
2022/03/07-14:36:38.471786 7fdbc60a9c80               Options.compression_opts.strategy: 0
2022/03/07-14:36:38.471787 7fdbc60a9c80         Options.compression_opts.max_dict_bytes: 0
2022/03/07-14:36:38.471788 7fdbc60a9c80         Options.compression_opts.zstd_max_train_bytes: 0
2022/03/07-14:36:38.471790 7fdbc60a9c80         Options.compression_opts.parallel_threads: 1
2022/03/07-14:36:38.471791 7fdbc60a9c80                  Options.compression_opts.enabled: false
2022/03/07-14:36:38.471862 7fdbc60a9c80      Options.level0_file_num_compaction_trigger: 4
2022/03/07-14:36:38.471869 7fdbc60a9c80          Options.level0_slowdown_writes_trigger: 20
2022/03/07-14:36:38.471871 7fdbc60a9c80              Options.level0_stop_writes_trigger: 36
2022/03/07-14:36:38.471872 7fdbc60a9c80                   Options.target_file_size_base: 67108864
2022/03/07-14:36:38.471874 7fdbc60a9c80             Options.target_file_size_multiplier: 1
2022/03/07-14:36:38.471875 7fdbc60a9c80                Options.max_bytes_for_level_base: 268435456
2022/03/07-14:36:38.471877 7fdbc60a9c80 Options.level_compaction_dynamic_level_bytes: 0
2022/03/07-14:36:38.471878 7fdbc60a9c80          Options.max_bytes_for_level_multiplier: 10.000000
2022/03/07-14:36:38.471883 7fdbc60a9c80 Options.max_bytes_for_level_multiplier_addtl[0]: 1
2022/03/07-14:36:38.471884 7fdbc60a9c80 Options.max_bytes_for_level_multiplier_addtl[1]: 1
2022/03/07-14:36:38.471886 7fdbc60a9c80 Options.max_bytes_for_level_multiplier_addtl[2]: 1
2022/03/07-14:36:38.471887 7fdbc60a9c80 Options.max_bytes_for_level_multiplier_addtl[3]: 1
2022/03/07-14:36:38.471889 7fdbc60a9c80 Options.max_bytes_for_level_multiplier_addtl[4]: 1
2022/03/07-14:36:38.471890 7fdbc60a9c80 Options.max_bytes_for_level_multiplier_addtl[5]: 1
2022/03/07-14:36:38.471891 7fdbc60a9c80 Options.max_bytes_for_level_multiplier_addtl[6]: 1
2022/03/07-14:36:38.471893 7fdbc60a9c80       Options.max_sequential_skip_in_iterations: 8
2022/03/07-14:36:38.471894 7fdbc60a9c80                    Options.max_compaction_bytes: 1677721600
2022/03/07-14:36:38.471896 7fdbc60a9c80                        Options.arena_block_size: 8388608
2022/03/07-14:36:38.471897 7fdbc60a9c80   Options.soft_pending_compaction_bytes_limit: 68719476736
2022/03/07-14:36:38.471899 7fdbc60a9c80   Options.hard_pending_compaction_bytes_limit: 274877906944
2022/03/07-14:36:38.471900 7fdbc60a9c80       Options.rate_limit_delay_max_milliseconds: 100
2022/03/07-14:36:38.471902 7fdbc60a9c80                Options.disable_auto_compactions: 1
2022/03/07-14:36:38.471906 7fdbc60a9c80                        Options.compaction_style: kCompactionStyleLevel
2022/03/07-14:36:38.471909 7fdbc60a9c80                          Options.compaction_pri: kMinOverlappingRatio
2022/03/07-14:36:38.471910 7fdbc60a9c80 Options.compaction_options_universal.size_ratio: 1
2022/03/07-14:36:38.471912 7fdbc60a9c80 Options.compaction_options_universal.min_merge_width: 2
2022/03/07-14:36:38.471913 7fdbc60a9c80 Options.compaction_options_universal.max_merge_width: 4294967295
2022/03/07-14:36:38.471914 7fdbc60a9c80 Options.compaction_options_universal.max_size_amplification_percent: 200
2022/03/07-14:36:38.471916 7fdbc60a9c80 Options.compaction_options_universal.compression_size_percent: -1
2022/03/07-14:36:38.471918 7fdbc60a9c80 Options.compaction_options_universal.stop_style: kCompactionStopStyleTotalSize
2022/03/07-14:36:38.471920 7fdbc60a9c80 Options.compaction_options_fifo.max_table_files_size: 1073741824
2022/03/07-14:36:38.471921 7fdbc60a9c80 Options.compaction_options_fifo.allow_compaction: 0
2022/03/07-14:36:38.471932 7fdbc60a9c80                   Options.table_properties_collectors: 
2022/03/07-14:36:38.471933 7fdbc60a9c80                   Options.inplace_update_support: 0
2022/03/07-14:36:38.471935 7fdbc60a9c80                 Options.inplace_update_num_locks: 10000
2022/03/07-14:36:38.471936 7fdbc60a9c80               Options.memtable_prefix_bloom_size_ratio: 0.000000
2022/03/07-14:36:38.471939 7fdbc60a9c80               Options.memtable_whole_key_filtering: 0
2022/03/07-14:36:38.471940 7fdbc60a9c80   Options.memtable_huge_page_size: 0
2022/03/07-14:36:38.471942 7fdbc60a9c80                           Options.bloom_locality: 0
2022/03/07-14:36:38.471943 7fdbc60a9c80                    Options.max_successive_merges: 0
2022/03/07-14:36:38.471945 7fdbc60a9c80                Options.optimize_filters_for_hits: 0
2022/03/07-14:36:38.471946 7fdbc60a9c80                Options.paranoid_file_checks: 0
2022/03/07-14:36:38.471948 7fdbc60a9c80                Options.force_consistency_checks: 1
2022/03/07-14:36:38.471971 7fdbc60a9c80                Options.report_bg_io_stats: 0
2022/03/07-14:36:38.471973 7fdbc60a9c80                               Options.ttl: 2592000
2022/03/07-14:36:38.471975 7fdbc60a9c80          Options.periodic_compaction_seconds: 2592000
2022/03/07-14:36:38.471976 7fdbc60a9c80                    Options.enable_blob_files: false
2022/03/07-14:36:38.471977 7fdbc60a9c80                        Options.min_blob_size: 0
2022/03/07-14:36:38.471979 7fdbc60a9c80                       Options.blob_file_size: 268435456
2022/03/07-14:36:38.471980 7fdbc60a9c80                Options.blob_compression_type: NoCompression
2022/03/07-14:36:38.471982 7fdbc60a9c80       Options.enable_blob_garbage_collection: false
2022/03/07-14:36:38.471983 7fdbc60a9c80   Options.blob_garbage_collection_age_cutoff: 0.250000
2022/03/07-14:36:38.472043 7fdbc60a9c80 [db/db_impl/db_impl.cc:2654] Created column family [FZ] (ID 2)
2022/03/07-14:36:38.483249 7fdbc60a9c80 [db/column_family.cc:595] --------------- Options for column family [NZ]:
2022/03/07-14:36:38.483262 7fdbc60a9c80               Options.comparator: leveldb.BytewiseComparator
2022/03/07-14:36:38.483264 7fdbc60a9c80           Options.merge_operator: None
2022/03/07-14:36:38.483268 7fdbc60a9c80        Options.compaction_filter: filter_outdated
2022/03/07-14:36:38.483270 7fdbc60a9c80        Options.compaction_filter_factory: None
2022/03/07-14:36:38.483272 7fdbc60a9c80  Options.sst_partitioner_factory: None
2022/03/07-14:36:38.483273 7fdbc60a9c80         Options.memtable_factory: SkipListFactory
2022/03/07-14:36:38.483275 7fdbc60a9c80            Options.table_factory: BlockBasedTable
2022/03/07-14:36:38.483323 7fdbc60a9c80            table_factory options:   flush_block_policy_factory: FlushBlockBySizePolicyFactory (0x55cb4eed8b50)
  cache_index_and_filter_blocks: 0
  cache_index_and_filter_blocks_with_high_priority: 1
  pin_l0_filter_and_index_blocks_in_cache: 0
  pin_top_level_index_and_filter: 1
  index_type: 0
  data_block_index_type: 0
  index_shortening: 1
  data_block_hash_table_util_ratio: 0.750000
  hash_index_allow_collision: 1
  checksum: 1
  no_block_cache: 0
  block_cache: 0x55cb4eed8ba0
  block_cache_name: LRUCache
  block_cache_options:
    capacity : 8388608
    num_shard_bits : 4
    strict_capacity_limit : 0
    memory_allocator : None
    high_pri_pool_ratio: 0.000
  block_cache_compressed: (nil)
  persistent_cache: (nil)
  block_size: 4096
  block_size_deviation: 10
  block_restart_interval: 16
  index_block_restart_interval: 1
  metadata_block_size: 4096
  partition_filters: 0
  use_delta_encoding: 1
  filter_policy: nullptr
  whole_key_filtering: 1
  verify_compression: 0
  read_amp_bytes_per_bit: 0
  format_version: 4
  enable_index_compression: 1
  block_align: 0
2022/03/07-14:36:38.483326 7fdbc60a9c80        Options.write_buffer_size: 67108864
2022/03/07-14:36:38.483328 7fdbc60a9c80  Options.max_write_buffer_number: 2
2022/03/07-14:36:38.483329 7fdbc60a9c80          Options.compression: NoCompression
2022/03/07-14:36:38.483331 7fdbc60a9c80                  Options.bottommost_compression: Disabled
2022/03/07-14:36:38.483332 7fdbc60a9c80       Options.prefix_extractor: nullptr
2022/03/07-14:36:38.483334 7fdbc60a9c80   Options.memtable_insert_with_hint_prefix_extractor: nullptr
2022/03/07-14:36:38.483335 7fdbc60a9c80             Options.num_levels: 7
2022/03/07-14:36:38.483337 7fdbc60a9c80        Options.min_write_buffer_number_to_merge: 1
2022/03/07-14:36:38.483338 7fdbc60a9c80     Options.max_write_buffer_number_to_maintain: 0
2022/03/07-14:36:38.483340 7fdbc60a9c80     Options.max_write_buffer_size_to_maintain: 0
2022/03/07-14:36:38.483341 7fdbc60a9c80            Options.bottommost_compression_opts.window_bits: -14
